	(1,1,1,326),
	(1,2,2,362),
	(1,3,3,396),
	(1,4,4,56),
	(1,5,5,210),
	(2,1,1,139),
	(2,2,2,206),
	(2,3,3,461),
	(2,4,4,310),
	(2,5,5,58),
	(3,1,1,303),
	(3,2,2,467),
	(3,3,3,128),
	(3,4,4,441),
	(3,5,5,220),
	(4,1,1,468),
	(4,2,2,85),
	(4,3,3,241),
	(4,4,4,319),
	(4,5,5,117),
	(5,1,1,143),
	(5,2,2,471),
	(5,3,3,470),
	(5,4,4,334),
	(5,5,5,256),
	(6,1,1,286),
	(6,2,2,152),
	(6,3,3,341),
	(6,4,4,100),
	(6,5,5,196),
	(7,1,1,104),
	(7,2,2,66),
	(7,3,3,280),
	(7,4,4,65),
	(7,5,5,295),
	(8,1,1,78),
	(8,2,2,210),
	(8,3,3,52),
	(8,4,4,447),
	(8,5,5,498),
	(9,1,1,87),
	(9,2,2,461),
	(9,3,3,420),
	(9,4,4,414),
	(9,5,5,473),
	(10,1,1,91),
	(10,2,2,134),
	(10,3,3,144),
	(10,4,4,144),
	(10,5,5,77),
	(11,1,1,58),
	(11,2,2,473),
	(11,3,3,482),
	(11,4,4,62),
	(11,5,5,255),
	(12,1,1,485),
	(12,2,2,385),
	(12,3,3,122),
	(12,4,4,122),
	(12,5,5,328),
	(13,1,1,207),
	(13,2,2,138),
	(13,3,3,286),
	(13,4,4,426),
	(13,5,5,424),
	(14,1,1,364),
	(14,2,2,58),
	(14,3,3,211),
	(14,4,4,151),
	(14,5,5,391),
	(15,1,1,208),
	(15,2,2,253),
	(15,3,3,489),
	(15,4,4,429),
	(15,5,5,198),
	(16,1,1,289),
	(16,2,2,224),
	(16,3,3,377),
	(16,4,4,111),
	(16,5,5,368),
	(17,1,1,325),
	(17,2,2,406),
	(17,3,3,131),
	(17,4,4,244),
	(17,5,5,498),
	(18,1,1,154),
	(18,2,2,84),
	(18,3,3,310),
	(18,4,4,470),
	(18,5,5,357),
	(19,1,1,219),
	(19,2,2,171),
	(19,3,3,143),
	(19,4,4,398),
	(19,5,5,366),
	(20,1,1,204),
	(20,2,2,127),
	(20,3,3,453),
	(20,4,4,207),
	(20,5,5,353),
	(21,1,1,242),
	(21,2,2,432),
	(21,3,3,415),
	(21,4,4,84),
	(21,5,5,236),
	(22,1,1,362),
	(22,2,2,218),
	(22,3,3,358),
	(22,4,4,329),
	(22,5,5,264),
	(23,1,1,89),
	(23,2,2,116),
	(23,3,3,342),
	(23,4,4,265),
	(23,5,5,405),
	(24,1,1,265),
	(24,2,2,407),
	(24,3,3,194),
	(24,4,4,451),
	(24,5,5,114),
	(25,1,1,477),
	(25,2,2,83),
	(25,3,3,153),
	(25,4,4,434),
	(25,5,5,108),
	(26,1,1,267),
	(26,2,2,247),
	(26,3,3,500),
	(26,4,4,223),
	(26,5,5,186),
	(27,1,1,90),
	(27,2,2,268),
	(27,3,3,253),
	(27,4,4,79),
	(27,5,5,180),
	(28,1,1,480),
	(28,2,2,131),
	(28,3,3,145),
	(28,4,4,216),
	(28,5,5,158),
	(29,1,1,404),
	(29,2,2,265),
	(29,3,3,250),
	(29,4,4,308),
	(29,5,5,318),
	(30,1,1,97),
	(30,2,2,365),
	(30,3,3,333),
	(30,4,4,247),
	(30,5,5,107),
	(31,1,1,229),
	(31,2,2,471),
	(31,3,3,485),
	(31,4,4,129),
	(31,5,5,223),
	(32,1,1,405),
	(32,2,2,107),
	(32,3,3,278),
	(32,4,4,248),
	(32,5,5,58),
	(33,1,1,285),
	(33,2,2,319),
	(33,3,3,409),
	(33,4,4,417),
	(33,5,5,220),
	(34,1,1,341),
	(34,2,2,194),
	(34,3,3,453),
	(34,4,4,90),
	(34,5,5,65),
	(35,1,1,112),
	(35,2,2,381),
	(35,3,3,432),
	(35,4,4,292),
	(35,5,5,212),
	(36,1,1,441),
	(36,2,2,63),
	(36,3,3,157),
	(36,4,4,151),
	(36,5,5,181),
	(37,1,1,58),
	(37,2,2,287),
	(37,3,3,251),
	(37,4,4,169),
	(37,5,5,202),
	(38,1,1,302),
	(38,2,2,411),
	(38,3,3,255),
	(38,4,4,362),
	(38,5,5,208),
	(39,1,1,427),
	(39,2,2,449),
	(39,3,3,430),
	(39,4,4,102),
	(39,5,5,264),
	(40,1,1,76),
	(40,2,2,419),
	(40,3,3,479),
	(40,4,4,53),
	(40,5,5,124),
